Movie
The Lost Symbol
The Demonologist
Escape Room
How to Train Your Dragon 3
grand-daddy day care
Polaroid
The Upside
The Last Laugh
Belzebuth
Headlock
fyre
The Kid Who Would Be King
Glass
Kitbull
close
IO
smash and grab
Purl
Cry for the Bad Man
Memory: The Origins of Alien
Leaving Neverland
Late Night
Swift
Polar
Iron Sky 2
bts
The LEGO Movie 2: The Second Part
High Flying Bird
Sweetheart
The Gandhi Murder
battle angel
aniara
Velvet Buzzsaw
The Wandering Earth
Scooby-Doo! and the Curse of the 13th Ghost
The Prodigy
Cold Pursuit
The Man Who Killed Hitler and Then The Bigfoot
Zombie for Sale
Happy Death Day 2U
The Queens Corgi
Isnt It Romantic
Fighting With My Family
Kim Possible Movie
paddleton
Run the Race
Greta
A Madea Family Funeral
The Wedding Guest
the hole in the ground
saint judy
Kiss Kiss
Among the Shadows
Captain Marvel
Triple Frontier
The Professor and the Madman
Welcome to Acapulco
body at brighton rock
Out Stealing Horses
Maggots
Apartment 413
Groupers
Playtime
Tone-Deaf
J.R. Bob Dobbs and the Church of the SubGenius
stuffed
Snatchers
Wonder Park
The Parts You Lose
Us
hotel mumbai
Five Feet Apart
The Mustang
Never Grow Old
Fisherman's Friends
photograph
Captive State
The Highwaymen
The Beach Bum
Dragged Across Concrete
The Dirt
Dumbo
Shazam!
Killer Therapy
batman vs. teenage mutant ninja turtles
mercy black
Devil’s Junction : Handy Dandy’s Revenge
Pet Graveyard
Little
Pet Sematary
Peppa Pig: Festival of Fun
The Haunting of Sharon Tate
"Scream, Queen"
The Final Ride
Breakthrough
Untitled Disneytoon Movie
The Furies
her smell
Teen Spirit
Raising Buchanan
How High 2
The Curse of La Llorona
Penguins
family
Little Woods
The 27 Club
I Spit on Your Grave: Deja Vu
Avengers 4
Circus of Books
You Don't Nomi
uglydoll
Lost Weekend
"Extremely Wicked, Shockingly Evil and Vile"
See You Yesterday
El Chicano
Detective Pikachu
middle earth
A Dogs Journey
Wine Country
Brightburn
Pom
City Valley
charlie says
Animal Among Us
Valentine: The Dark Avenger
The Dead Dont Die
"The Gangster, the Cop, the Devil"
John Wick: Chapter 3 - Parabellum
The Sun Is Also a Star
all creatures here below
A Violent Separation
Shed of the Dead
Rocketman
The Bash Brothers Experience
sadako
Rim of the World
The Lego Movie 3
The Secret Life of Pets 2
Booksmart
Murder Mystery
Godzilla: King of the Monsters
Ma
Parasite
Deadwood: The Movie
Jurassic World Short
ZZ Top: That Little Ol Band from Texas
Dark Phoenix
The Last Black Man in San Francisco
I Am Mother
Changeland
Hallowed Ground
framing john delorean
Playmobil
Rolling Thunder Revue
Deep Murder
Hearts and Bones
Rascal Does Not Dream of a Dreaming Girl
Toy Story 4
Weathering With You
Escape Plan: The Extractors
Nightmare Cinema
Ruth
ANIMA
Annabelle 3
Robert the Bruce
Ophelia
Bad Boys 4
Midsommar
Stuber
The Rookies
Inhumans
The Art of Self-Defense
Pokemon the movie: mewtwo strikes back evolution
Critters Reboot
Notzilla
Theyre Inside
Supervised
Saint Seiya: Knights of the Zodiac
Gwen
bottom of the 9th
Batman Hush
Into the Ashes
Shooting Clerks
6 Hot Chicks in a Warehouse
Once Upon a Time in Hollywood
the operative
Red Shoes and the Seven Dwarfs
Step Up 6
Astronaut
a rainy day in new york
The Refuge
the red sea diving resort
Aquaslash
Assassinaut
Capsized: Blood in the Water
Hobbs & Shaw
Bad CGI Sharks
a score to settle
Them That Follow
"Love, Antosha"
Angry Birds 2
LEGO DC: Batman - Family Matters
Bring The Soul: The Movie
Scary Stories to Tell in the Dark
Dora The Explorer
The Art of Racing in the Rain
Danger Close: The Battle of Long Tan
Brian Banks
Blinded by the Light
The Peanut Butter Falcon
Itsy Bitsy
Whatever Makes You Happy
47 Meters Down 2
sextuplets
Aquarela
zombie tidal wave
I Am Patrick Swayze
Ready or Not
Angel Has Fallen
Miles Davis: Birth of the Cool
Jurassic Thunder
Sticks & Stones
Deadcon
running with the devil
night hunter
gundala
Fanatic
Dont Let Go
Uncut Gems
Clownado
The Lurker
Mosul
IT Chapter Two
Leap of Faith: William Friedkin on The Exorcist
The Banana Splits Movie
blood quantum
Red Penguins
Super Size Me 2: Holy Chicken!
Waiting for the Barbarians
holiday hell
Vivarium
You Are My Friend
Color Out of Space
True History of the Kelly Gang
The Goldfinch
The Painted Bird
Imprisoned
Hustlers
Downton Abbey
Candy Corn
Extra Ordinary
Scooter
Lillith
tall girl
Three from Hell
Ad Astra
Lucky Day
Rambo 5
Hell House LLC III: Lake of Fire
zeroville
Corporate Animals
Momo: The Missouri Monster
ambition
American Dreamer
Untitled Goose Game
Where's My Roy Cohn?
Lucy in the Sky
Between Two Ferns: The Movie
In the Tall Grass
Inmate #1
The Mortuary Collection
End of Sentence
Madness in the Method
Suzi Q
A Shaun the Sheep Movie: Farmageddon
The Death of Dick Long
The Laundromat
Marriage Story
10 Minutes Gone
An Officer and a Spy
Once Upon a Time in Deadwood
Killer Sofa
Devil's Revenge
The Young Cannibals
Joker
Gemini Man
Low Tide
Dolemite Is My Name!
Semper Fi
Rogue Warfare
Wrinkles the Clown
wonder woman: bloodlines
scare package
Elvis Unleashed
Zombieland: Double Tap
mister america
Dementer
Jexi
The Rising Hawk: Battle for the Carpathians
Breaking Bad movie
Along Came the Devil 2
Jay and Silent Bob Reboot
Maleficent 2
Beast Within
the jesus rolls
Jojo Rabbit
The Lighthouse
Jesus Shows You The Way To The Highway
21 Years: Quentin Tarantino
Terminator: Dark Fate
Terminator Genisys 2
Snap Shot
21 Bridges
Portals
The Gallows 2
Jesus is King: A Kanye West Film
Western Stars
Rattlesnake
Puppet Killer
satanic panic
Doctor Sleep
Motherless Brooklyn
margie claus
The Irishman
Holiday in the Wild
Arctic Dogs
The King
Earthquake Bird
Lake of Death
Eminence Hill
Adopt a Highway
Harriet
Little Joe
To Be of Service
Wild Boar
The Aeronauts
Undercover Brother 2
Slayer: The Repentless Killogy
Last Christmas
The Personal History of David Copperfield
Let It Snow
The Good Liar
Honey Boy
Klaus
Acceleration
Ford v Ferrari
Waves
Feast of the Seven Fishes
The Fare
Frozen 2
The Knight Before Christmas
Blood Bound
Blue Story
the drone
Ravening
Never Surrender: A Galaxy Quest Documentary
The Two Popes
Dreamland
Knives Out
Queen & Slim
Sushi Size Me
You Light Up My Christmas
The Gentlemen
Spies in Disguise
Jumanji 3
Hammer
A Christmas Prince: The Royal Baby
Killer Raccoons 2: Dark Christmas in the Dark
Code 8
The Mandela Effect
Daniel Isnt Real
Trauma Center
The True Adventures of Wolfboy
American Hunt
League of Legend Keepers: Shadows
six underground
A Hidden Life
silver surfer
hell on the border
Seberg
Fox News Movie
Ballad of Richard Jewell
Yummy
Mob Town
Star Wars: Episode IX- The Rise of Skywalker
Marvel's Stan Lee Documentary
Togo
1917
Just Mercy
Hanukkah
X-Men Fantastic Four Crossover Movie
What Men Want
Descendants 3
Fierce Target
the last summer
arc of justice
The Secret Movie
reign of the supermen
Teammate: My Life in Baseball
Voltron
That 70s Movie
the talisman
Guava Island
Aladdin Mockbuster
Missile Command
the man in the rockefeller suit
hope
Night of the Comet Remake
road of the dead
Untitled Cheech and Chong Project
Peppa Pig Movie
Moose
Tell the Truth and Shame the Devil
Roe Vs. Wade
Ballerina
Gotham City Sirens
The Last Blockbuster
In Search of Darkness
Leprechaun Returns
beekle
Tarantino Abrams Star Trek Movie
Tables
Genies
Are You Afraid of the Dark?
Nevermoor
Cloverfield 5
powell
Curious George Biopic
Reno 911 Movie Sequel
143
Major League
Bonejangles 2
P.S. I Still Love You
Stationary Bike
Last Friday
Thai Cave Rescue Movie
Norm of the North 2
Lamborghini: The Man Behind the Legend
marian
death note 2
beast wars
escape plan 3
Rise of the Living Dead
Ex-Baghdad
Man of Steel 2
Ace Ventura Reboot
I Am Paul Walker
Slaughterhouse Rulez
Wolfmans Got Nards
Carmen Sandiego Movie
All-American Murder
xxx 4
Teen Titans Go! Vs. Teen Titans
Beetlejuice Documentary
Johnny Z
den of thieves 2
justice league vs. the fatal five
lone wolf and cub
The Tale of the Allergists Wife
Unplanned
The Accountant 2
Trump University
You Got Served 2
Untitled Ray Romano Movie
Henry Danger Movie
Huck
Training Day Prequel
Deathstroke
centipede
Power Rangers 2
Assassin's Creed 2
Steve Dash Documentary
Kimbo Slice
Spyology
A Dogs Purpose 2
Little Dragon
Back to the Grind
Third Street
Neon Genesis Evangelion
Bloodshot 2
Pandemonium
Shoe Dog
New RoboCop Movie
Fright Night 3
X-23
Peninsula
Bright 2
Avengers: Endgame,2019
The Lion King,2019
Star Wars: The Rise of Skywalker,2019
Frozen II,2019
Toy Story 4,2019
Captain Marvel,2019
Spider-Man: Far From Home,2019
Aladdin,2019
Joker,2019
Jumanji: The Next Level,2019
Escape Room,2019
Rust Creek,2019
American Hangman,2019
A Dog's Way Home,2019
The Upside,2019
Replicas,2019
After Darkness,2019
Glass,2019
Close,2019
The Standoff at Sparrow Creek,2019
The Final Wish,2019
The Kid Who Would Be King,2019
Serenity,2019
I Am Mother,2019
The Vast of Night,2019
Miss Bala,2019
Velvet Buzzsaw,2019
Piercing,2019
The Lego Movie 2: The Second Part,2019
What Men Want,2019
Cold Pursuit,2019
High Flying Bird,2019
The Prodigy,2019
Isn't It Romantic,2019
Happy Death Day 2U,2019
Alita: Battle Angel,2019
How to Train Your Dragon: The Hidden World,2019
Fighting with My Family,2019
Tyler Perry's A Madea Family Funeral,2019
Greta,2019
Triple Frontier,2019
The Kid,2019
Wonder Park,2019
Nancy Drew and the Hidden Staircase,2019
Captive State,2019
The Aftermath,2019
Five Feet Apart,2019
The Highwaymen,2019
Red 11,2019
Never Grow Old,2019
Triple Threat,2019
Us,2019
Hotel Mumbai,2019
The Dirt,2019
Dragged Across Concrete,2019
Dumbo,2019
The Beach Bum,2019
Unplanned,2019
Shazam!,2019
Pet Sematary,2019
The Best of Enemies,2019
High Life,2019
Unicorn Store,2019
The Haunting of Sharon Tate,2019
The Wind,2019
The Silence,2019
Hellboy,2019
Little,2019
Missing Link,2019
After,2019
Her Smell,2019
Breakthrough,2019
Penguins,2019
The Curse of La Llorona,2019
Under the Silver Lake,2019
Family,2019
Fast Color,2019
Someone Great,2019
I Spit on Your Grave: Deja Vu,2019
I Trapped the Devil,2019
Body at Brighton Rock,2019
Buffaloed,2019
Long Shot,2019
The Intruder,2019
UglyDolls,2019
"Extremely Wicked, Shockingly Evil and Vile",2019
The Last Summer,2019
Pokémon Detective Pikachu,2019
The Hustle,2019
Tolkien,2019
Poms,2019
The Professor and the Madman,2019
John Wick: Chapter 3 – Parabellum,2019
A Dog's Journey,2019
The Sun Is Also a Star,2019
The Professor,2019
The Souvenir,2019
The Tomorrow Man,2019
Brightburn,2019
Booksmart,2019
The Perfection,2019
Always Be My Maybe,2019
Godzilla: King of the Monsters,2019
Rocketman,2019
Ma,2019
Dark Phoenix,2019
The Secret Life of Pets 2,2019
Late Night,2019
The Last Black Man in San Francisco,2019
Changeland,2019
Men in Black: International,2019
Shaft,2019
The Dead Don't Die,2019
Murder Mystery,2019
Plus One,2019
Being Frank,2019
Anna,2019
Child's Play,2019
Annabelle Comes Home,2019
Yesterday,2019
Ophelia,2019
Killers Anonymous,2019
Escape Plan: The Extractors,2019
Midsommar,2019
Stuber,2019
Crawl,2019
Point Blank,2019
The Farewell,2019
Darlin',2019
Once Upon a Time in Hollywood,2019
Skin,2019
The Red Sea Diving Resort,2019
Fast & Furious Presents: Hobbs & Shaw,2019
A Score to Settle,2019
The Operative,2019
Dora and the Lost City of Gold,2019
The Kitchen,2019
The Art of Racing in the Rain,2019
Scary Stories to Tell in the Dark,2019
The Peanut Butter Falcon,2019
After the Wedding,2019
Light of My Life,2019
The Angry Birds Movie 2,2019
Good Boys,2019
Blinded by the Light,2019
"Where'd You Go, Bernadette",2019
47 Meters Down: Uncaged,2019
Gwen,2019
Ready or Not,2019
Angel Has Fallen,2019
Brittany Runs a Marathon,2019
Overcomer,2019
Jacob's Ladder,2019
Burn,2019
Official Secrets,2019
Don't Let Go,2019
Itsy Bitsy,2019
The Fanatic,2019
"Debunkers, Inc.",2019
It Chapter Two,2019
Satanic Panic,2019
Strange but True,2019
The Obituary of Tunde Johnson,2019
The Goldfinch,2019
Hustlers,2019
The Sound of Silence,2019
Monos,2019
Tall Girl,2019
Ad Astra,2019
Downton Abbey,2019
Rambo: Last Blood,2019
Bloodline,2019
Running with the Devil,2019
Fractured,2019
Abominable,2019
The Laundromat,2019
Judy,2019
Prey,2019
10 Minutes Gone,2019
Lucy in the Sky,2019
Dolemite Is My Name,2019
In the Tall Grass,2019
Low Tide,2019
Wrinkles the Clown,2019
Little Monsters,2019
Gemini Man,2019
The Addams Family,2019
The King,2019
Jexi,2019
Polaroid,2019
El Camino: A Breaking Bad Movie,2019
Maleficent: Mistress of Evil,2019
Zombieland: Double Tap,2019
Jojo Rabbit,2019
The Lighthouse,2019
Wounds,2019
Black and Blue,2019
The Current War,2019
Countdown,2019
The Kill Team,2019
The Gallows Act II,2019
Terminator: Dark Fate,2019
Motherless Brooklyn,2019
The Irishman,2019
Harriet,2019
Arctic Dogs,2019
Marriage Story,2019
Doctor Sleep,2019
Last Christmas,2019
Playing with Fire,2019
Let It Snow,2019
Midway,2019
Klaus,2019
Honey Boy,2019
Lady and the Tramp,2019
Noelle,2019
Ford v Ferrari,2019
Charlie's Angels,2019
The Good Liar,2019
The Report,2019
Waves,2019
A Beautiful Day in the Neighborhood,2019
21 Bridges,2019
Dark Waters,2019
Knives Out,2019
Queen & Slim,2019
The Two Popes,2019
Playmobil: The Movie,2019
The Aeronauts,2019
A Million Little Pieces,2019
Daniel Isn't Real,2019
Trauma Center,2019
Richard Jewell,2019
Black Christmas,2019
6 Underground,2019
Bombshell,2019
Uncut Gems,2019
Seberg,2019
A Hidden Life,2019
Cats,2019
Togo,2019
Spies in Disguise,2019
Little Women,2019
1917,2019
Just Mercy,2019
Clemency,2019
